-0.102572844787191
-0.144019187755751
-0.034978382525053
0.274982128335357
0.488711219572608
0.151224550084061
0.675590509263811
1.16899900112413
0.421813200002625
0.602826932933115
1.25330080224389
0.450765966226989
-0.175531919085665
0.304550348674929
0.11809904769861
-0.357028089587849
-0.232879652929801
-0.0707337626348156
-0.0387415615948927
0.0299455651733536
0.00136021169640516
-0.766213466802647
-1.02237588602743
-0.370127738552178
-0.9105161559801
-1.1103025142579
-0.500082237173174
-0.927110254128295
-1.03476593209657
-0.503185481415042
-0.744125771254
-0.829453309874024
-0.528330627733579
-0.636535798987745
-0.865259884278392
-0.539423227504785
-0.980313498897984
-1.73329520079329
-0.78044060654812
-1.23392080744459
-2.44905158456095
-0.824397158720487
-0.941681849119038
-1.58159987263064
-0.580740353284631
0.28546719345068
0.467574511938266
0.0594753929380579
0.545730128650894
0.975343059647227
0.111492313580674
0.761368643390018
1.45932143823395
0.343717548743186
0.714192545016194
0.80899030094186
0.336897618723775
0.593702067412443
0.770681095316192
0.309944945131381
0.852789801484942
1.31757279228311
0.542200390293928
1.18985817515308
1.47492294132385
0.847273998336044
0.849780759920169
0.900308326697133
0.65944424222058
0.658799331656265
0.517881403260447
0.550918304578505
0.271067705560036
0.0715385188592162
0.153171511168907
-0.203676540715683
-0.690675897022482
-0.230760457387461
-0.0560961006537196
-0.368806424320913
-0.0506795269991018
-0.183990857594281
-0.387594790557928
-0.108451642056065
-0.508496635375456
-0.760251262620197
-0.30517886854345
-0.170222545044658
-0.336315330006717
-0.0501088055391156
-0.0641741023659333
-0.0359846637030349
0.0380890033841849
-0.134527063060277
-0.14960809748172
0.00526201445417241
0.00845546333125058
0.0618921524496773
0.095853546280914
0.266523945948049
0.430729627042684
0.212611494962021
0.621135668861222
1.12502161492439
0.402134368029626
0.701180917648423
1.36627239766218
0.464632456648742
0.165795133831529
0.677881477378307
0.261943495581325
-0.128093539310328
0.295628388336525
0.0456918049235432
-0.106459002643203
0.25090314519451
-0.0627841020696404
-0.658079191392468
-0.462966268771922
-0.349234733876257
-0.770897874990802
-0.631294092406469
-0.658071185925906
-0.557675016222497
-0.416089221660618
-0.424856912377338
-0.176508331708895
0.362543790255228
-0.194318815083778
-0.680921811596143
-0.624049392325418
-0.495810476303571
-0.968811847824169
-1.66508762904377
-0.707880545210816
-0.663182833548434
-1.57664027593627
-0.618085683246943
-0.291655100441338
-0.72268426647583
-0.293895108173457
0.634641179477688
0.396142050848401
0.0681398330366409
0.97561732561988
0.971415046646103
0.255234596908462
0.49556559102743
0.50035481215274
0.0382272313888379
-0.0698535651963133
-0.500950141235208
-0.254672268370376
0.188962453952536
-0.0485227668882707
-0.0753681232595534
0.817242195275121
0.985971036068725
0.294813113292635
1.02335954892585
1.14771219341404
0.559912597215353
1.015056973379
1.11314125167537
0.766053407905597
1.06507793824027
1.39754141318405
0.617237059163211
0.273627553736919
0.472608387523418
0.185608418344584
-0.123613994207182
-0.17302243649658
-0.0932396458239671
-0.158916535365199
-0.262437471013137
-0.0711344062505001
-0.313391192526915
-0.383494476842607
-0.245830807495301
-0.325453780685619
-0.443023319993339
-0.190273825735589
-0.0959077156096704
-0.120779543608863
-0.0422053571632601
-0.0261380429269549
-0.0977930503235289
0.0260643068610581
-0.0980535857803835
-0.18903792611358
-0.00497759228002888
-0.0123879828622693
-0.137330365706209
0.0354526726282998
0.370516183092166
0.585208867733681
0.261160569532555
0.644246284428481
1.05648813912196
0.422803942402663
0.626748171100623
1.19264030518077
0.455164256519532
0.192576939648131
0.520709647336833
0.118104635793946
-0.412176427950104
0.194845172155543
-0.16506270239904
-0.498672950288755
0.269218386147696
-0.210814021978086
-0.521511981790992
0.281344588956421
-0.206159102986312
0.121267444005086
0.850388748653548
-0.187989539345991
0.55405259695901
1.89188415415433
0.0147011171692729
0.281644439018552
1.76425386160243
-0.041561783644307
-0.34621812400202
0.382015692737892
-0.41126615383903
-0.631278739759368
-0.748124335987615
-0.630580516648266
-0.971497504433934
-1.72866143671019
-0.828562394385352
-0.915815503531311
-1.77586290566872
-0.760919727586804
0.191990795735682
-0.528251123957522
-0.370546628784455
0.713158093842322
0.198500695983684
-0.0856231947570601
0.261486078640888
-0.275402168561436
-0.211979546828639
-0.0640331629328328
-0.788669230223666
-0.409645712313561
0.247791000195891
-0.057585830772715
-0.207403422729364
0.139967916064741
-0.0108244190621926
-0.311897275516449
0.25796171105743
0.212076757751734
-0.16791273027033
0.511359501531338
0.828837600032259
0.285228769676927
0.668097992458912
1.4015653545218
0.437351545963076
0.146562469270599
0.476546251364063
0.111272618777033
-0.269313423730096
-0.183842195554829
-0.236783471510478
-0.24110661380563
0.011452635369864
-0.238572224957318
-0.219865329127933
0.0602337487563004
-0.151439603098449
-0.103672990323589
0.194530067474683
-0.0195943239698137
0.0684806251044321
0.196916830183247
0.0666939976462513
0.0239677989335763
-0.088912648903432
0.0234034428365404
0.00224204941250732
-0.0682942773197868
-0.0179372507348703
0.0351644840915387
-0.0188049064882609
0.0610060521876516
0.249500209930721
0.439500370633269
0.152211087503655
0.495972519394444
1.08535589380743
0.314538725360822
0.663350434879737
1.23879395836394
0.482244803577737
0.0139226505315476
0.436666613980828
0.018895954137514
-1.01501319746785
-0.635914035225337
-0.48988052054702
-1.08866545957712
-0.0830028348192304
-0.325514136819725
-0.369475227300465
1.27362831235411
-0.115694362151222
1.09634329958307
3.2804533777938
0.293410640900188
1.41475576738308
4.04900740920519
0.371220823724402
0.417666451538062
2.37611762583563
-0.143341639363668
-0.0796405005812715
1.06630801965078
-0.323590569464859
-0.443197386839047
-0.0793988125057634
-0.722020027337863
-1.38185015067395
-1.84395201656062
-1.20226395722514
-1.24297829880357
-1.94702581134745
-0.951546614482276
0.0399136897841051
-0.711493397687969
-0.462308966328049
0.681520378266215
-0.10980827930629
-0.16431339305038
0.160376654772295
-0.702230039277856
-0.444504597952798
0.215770273338541
-0.368417137473641
-0.330258632756402
-0.0161494231128366
0.127880343450782
-0.493552791304873
-0.720656234858185
-0.651494987351243
-0.86887649760707
-0.901610105446562
-0.655509197306168
-1.02703105457554
-0.590985747028655
-0.00179798636790088
-0.585343007410629
-0.290380665658517
0.513192881042356
-0.154811355267318
-0.421927176801163
-0.00432216587192661
-0.312477913483383
-0.674372720040591
-0.551671853316246
-0.526724647414013
-0.3372564288057
0.0945411422790059
-0.32869520053726
-0.219581442733286
0.325769478018757
-0.2140800119906
0.093454413696388
0.713165049691665
0.00683479448513326
0.184855705442445
0.25801702907108
0.0920084243320274
-0.0208766902780762
-0.0647582103416509
0.00824122103092963
-0.0494838077132638
-0.074831311729967
0.00860923269877409
-0.155298716779788
-0.266984734874591
0.0351354861558704
0.0867364337067565
-0.000426537615819509
0.0622282821404776
0.584354009776604
1.1744010760581
0.322378752842265
0.902006337718074
2.13285421631904
0.545699006234623
0.348600905254725
1.5622843590532
0.225930895133931
-0.546592484212779
0.285539924110819
-0.281997823923482
-0.935653680156064
0.11440926248713
-0.437130934245401
-0.245425318938289
1.66149483087189
-0.195966804429491
-0.0828132591586596
2.13048396189313
-0.559866373162757
-0.537430041725642
0.804172979346086
-1.01314514077086
-0.528533915108215
0.380966247229733
-0.974690288200491
-0.0376585140626883
0.867559432542589
-0.639410969610832
0.338014382177434
1.26265539241821
-0.301199187668105
-0.175910097796164
0.700481197153141
-0.304966760149815
-0.135246971553497
0.261765559232713
-0.272253833760122
1.13493698958464
0.642965516391073
-0.0577615525264654
1.54717352438756
0.610119253778031
0.00131557970562903
0.12642700385949
-0.971260323914931
-0.492730334461238
-0.625880378379004
-1.2777587189403
-0.910054899780309
-1.0893669843974
-1.00093912460535
-1.28982246679709
-1.37145864822525
-0.974469282142006
-1.39569047060456
-0.720278142129958
0.245389601154904
-0.974699247771505
-0.844883121601746
0.295514534885243
-0.841116247400338
-0.7023993588944
0.452210635442016
-0.449786609792641
-0.619429749241167
0.303236667784027
-0.346678742467798
-0.681475368756273
-0.388481080731005
-0.545204809162466
-0.485917801319664
0.0260937677134109
-0.435575235414427
-0.623971581060631
-0.085835253270269
-0.553939758022881
-0.244989959911048
0.30135003410172
-0.196980758045779
0.0534318977466172
0.119021629636818
-0.0244534906361672
-0.0752029428779666
-0.0814114976777729
-0.0477057442153865
-0.0304433182111379
-0.0235055984157566
0.059364166488196
0.0379109843490487
-0.0231930382608764
0.0527531974777965
0.0938696582217408
0.102097252713822
0.155829938655908
0.876600974577007
1.50620034972501
0.407632597228807
0.769250550975073
1.77911185982042
0.379119250200496
-0.284247190897063
0.412600091794678
-0.137317129201178
-0.679203425870585
-0.0866697034722953
-0.194921698018717
-0.874017869157737
-0.366450193251715
-0.352837180681453
-0.910804911862319
0.193424184203495
-0.540035195092771
-0.241984635758104
1.428883838215
-0.276569841330123
-0.672662148650327
0.1764834539631
-0.682587951674917
-0.0931238517313849
0.637690090892164
-0.466011597730741
0.16182528847705
0.702997127309887
-0.442898549011099
0.235364360590584
0.435597692773297
-0.18287753662156
0.285004255168169
0.409010812787664
-0.0519510439046131
0.505973540071908
0.561285818893579
0.0501037380585098
1.27582661763897
0.713159778040397
-0.0177215083721401
1.4423851322537
-0.0211237661493541
-0.136622829385404
0.29558895769608
-0.510333764527744
-0.59163050031811
-0.170252751025413
0.0461362840876908
-0.753918507768685
-0.681347468359759
-0.0197432547958993
-1.01381929518549
-1.11481036030771
-0.374984647604449
-1.22557197437462
-0.722985857773005
0.524127804482053
-0.85462907961208
-0.858938129066015
0.108313287551882
-0.764150857478194
-0.482478894239346
0.555658059853147
-0.436411279587824
0.417523432941766
1.48814173804512
0.157259361512555
-0.00484797757685294
0.418024240342628
-0.181753240232593
-0.426948681412738
0.0565993621569751
-0.586340301085784
-0.916802171816906
-0.434116741627203
-0.794369399959729
-0.248602283863834
0.213410684835788
-0.208048550924902
0.0130951538790724
0.011779963534201
0.0190745551019989
-0.194071095231851
-0.289937502209288
-0.0850243237047623
-0.0525447073172114
-0.0621698276024719
0.000779286414682983
0.230960441431915
0.225828377126277
0.0562431196919527
0.405998965564515
0.641516602584904
0.264714725081205
0.704370828683872
1.08971998849978
0.310445838118888
0.767255529992494
1.19317352969314
0.229895324722112
-0.219875740827162
0.0142886954249199
-0.158752599817316
-0.761964918703417
-0.455391315667529
-0.343862617773654
-0.552839820664142
0.0288852279477923
-0.196449055666351
-0.151732818715325
0.678019502214952
0.0391346576005243
0.373523807019346
1.21879431933304
0.317807288058072
0.126813852599022
0.711649205323659
0.0419150072577609
0.528719368337316
0.962551356905816
0.217188459631503
0.417475965616051
0.236414442305455
-0.0798149641353369
0.650886702781704
0.0858514599819378
0.172111062456746
0.447730201184821
-0.146714695186029
0.180822672034052
-0.265787887342828
-1.19174026753766
-0.220840962344408
0.975367985395585
0.00996185998618314
-0.125862203918873
0.79667269290722
-0.849659881256702
-0.424978547310988
0.708846655111627
0.308451734445026
-0.320546359740605
0.725057566161094
1.43211179962173
-0.0904443356521041
0.319286014195205
1.53162672101059
-0.283332076506543
-0.528339860108915
0.409307137950265
-0.657380022439156
-0.579821841102378
0.301672140877907
-0.588419952953433
-0.592530085358262
0.0648817938453945
-0.575034114363093
-0.154583655274041
0.692746932867791
-0.151663275334599
0.924082391829925
1.87526526972393
0.455139947794503
0.270822263945348
0.706705591540956
-0.0383292384227118
-0.329541818501143
0.110021278839246
-0.473806026229982
-0.600050667921314
-0.0326486009859023
-0.554871265670206
-0.0875222670658567
0.34088245758096
-0.0590654211393595
-0.19179588994249
-0.263431526334941
-0.108144903510642
-0.387075059621111
-0.740736944112703
-0.259194405820753
-0.319698582300124
-0.419172233643306
-0.145173300128646
0.0536444088828896
0.155413516938211
0.144421278027073
0.491396162327073
0.80060895056091
0.235881031237106
-0.133869339521325
-0.547775078383995
-0.193980866352321
0.160341596036809
-0.425967771411051
-0.188221096192529
0.450995956158204
0.293990190035845
0.0766176603086394
-0.171794915366206
0.275598143478068
-0.0387338040428878
0.156654659426001
0.733993032666954
0.0971845653091497
0.200121057099816
0.340844039350291
0.241778242800783
0.221981092858584
-0.0335108636857079
0.181543186866597
0.430475875459558
-0.434590508544025
-0.0541288003173244
1.13281780080923
-0.233199544646484
0.195167083800577
1.61910004798384
-0.0582598817747067
0.496582331600458
1.79212549205578
0.39492440321016
0.839745315558868
0.969410012850689
0.172430700967139
0.552284582515681
-0.962012250350646
-2.11027033425122
-0.358034628078471
0.0309762842135701
-0.974902526173011
-0.337170188419044
0.445839466056557
-0.743932025095034
-0.383499033222575
0.717917641540887
0.511262142794766
-0.384802511377298
0.139422832418748
0.587752549833571
-0.383241233031852
-0.122742491214791
0.897373079767034
-0.271512413158205
-0.172024551730491
0.568871835258588
-0.189723165401436
0.33921610458393
0.638954560320765
-0.049678079425882
0.606205692863975
0.840919443784273
0.0469002631173761
0.646013639257093
1.14223358294581
0.256618889882379
0.196441671416386
0.889464075568586
0.0762343156906452
-0.276881895126572
0.0491458485148968
-0.263474981270721
-0.231654643981414
0.197640832604408
-0.334672913727369
-0.552184945542184
0.169196928784088
-0.466642161102921
-0.0921349855408067
0.491066226250088
-0.0954930407148978
-0.342782092845579
-0.505615020892776
-0.248632983693809
-0.690871318072243
-1.0445524292068
-0.467276737989228
-0.666427198880043
-0.792995554974621
-0.368494247950245
0.217703545202826
0.473517351595957
0.235007961992407
0.633275868642732
1.31491176237166
0.456124694049237
0.0170650483872601
-0.109012257830007
-0.049774909671199
-0.051745932394534
-0.60629703851789
-0.191225242382694
0.621507438599141
0.312656981968094
0.238728180210056
0.401868309026993
0.977981571319415
0.159693923414498
0.354494512057833
1.01277350424898
0.239864599627713
0.116360235325918
-0.23891910307909
0.158486284490889
-0.208092923468421
-0.970453543667208
-0.090360824214733
-0.718645547153587
-1.84961546679664
-0.296613910816029
-0.101347760872514
-1.51560198670792
-0.00838931017238797
0.525924583050612
-1.16422368388035
0.332550964140837
1.55858924378265
-0.112876882852169
1.04110016829385
1.48244289858172
-0.548803129537912
0.850219883066703
0.121867221821675
-1.54911730366374
0.254540758114432
-0.47718864287525
-0.71909600052857
0.0569121362175447
-0.606774537757103
-0.616966172322153
-0.529638717941453
0.0758048407364919
0.736308933233084
-0.310865630417367
-0.00678303766160113
0.728644620417546
-0.24974405028842
0.205276237894523
0.879957592272897
0.0057201281714005
0.454283967836019
0.440525374319789
-0.0413082827066783
0.62266968558604
0.578315356363623
0.157765879711894
0.461424014013074
0.420758932165865
0.117088545475075
0.100268873817186
0.283359167751265
0.105628670971143
-0.30451206654048
-0.130197467537464
-0.195208151918501
-1.01037449866388
-1.15582605505154
-0.630999268890697
-0.537715714910983
-0.174653010682128
-0.433748876931985
-0.278442754475767
0.505513507009125
-0.334896511067214
0.0610626562615649
0.579814738032471
0.0143615494781989
-0.24538675361465
-0.152105763992494
-0.201072303001239
-0.668164537460731
-0.976706054153705
-0.391090261668948
-0.551053206824853
-0.738851120787947
-0.337645539828536
0.493309994916293
0.936553200271309
0.372870848882945
0.314314645849595
0.752431072038079
0.125208750634915
-0.259417382083867
-0.884038010051222
-0.345271694963209
0.0594101771830647
-0.556854097608459
-0.16429424697125
0.895994849261414
0.57552881566051
0.319755560158645
0.575696975119062
0.738794055441505
0.113860129471181
0.258284672573485
0.627222400058503
0.100284677937653
0.0271616108376726
-0.263283335315599
-0.0524327496529765
0.61053822583003
-0.00559700142482342
0.355883340733398
0.591196926913908
-0.378103895641536
0.215909885389961
0.654008834940525
-0.281720849196999
0.5562407051242
0.863117568574454
-0.241908494348782
0.796841739762926
1.36627868244599
-0.288076381224822
1.23390530354549
1.13750535412179
-0.792779464783158
1.12447256371116
0.519824838948474
-0.921299485874444
0.897953337856873
-1.26298504746512
-0.623852581871718
0.148127601012778
-1.3699745224629
-0.658320323188376
-0.807083524089858
-0.369782688053227
0.46833252073475
-0.461776960464524
-0.176078207144108
0.306334286875793
-0.291893225392565
0.225662796844474
0.686692225641561
0.0537125178908954
0.115738032859078
0.0499276121936865
-0.242933172919714
-0.18505815221522
-0.405284726416844
-0.324513270320345
0.12210112624467
0.178412807977547
-0.0156928484038408
0.934767629048569
1.41047836150823
0.690656849350222
0.1662489236355
0.112208573945409
0.188078649047219
-0.879594646294696
-1.08656148359446
-0.42602169620256
-0.464337682570403
-0.264583245451894
-0.39433155506556
-0.345700648836582
0.192618307237185
-0.381384889879554
-0.248609618716006
0.169083953185828
-0.256472536623553
-0.360767114246636
-0.231672929919199
-0.194277366737741
-0.669049836303415
-0.878729908915028
-0.378518609076795
-0.668947219487181
-0.748347446593616
-0.359767649155571
0.55388670269868
1.19307318614881
0.329153594411102
0.403987855620732
0.739690505602486
0.124119936727963
0.0803409657518737
-0.817567523120347
-0.221180418321789
0.377629858826832
-0.22866714565787
-0.0671238268042071
0.703530515972933
0.32674519231303
0.053018378543902
0.45101088795703
0.573096796007032
0.0166895152846233
-0.0190177610148027
0.386989248027402
-0.0884444987833958
0.0779565778938264
-0.000245263098265904
-0.147989657714422
0.405460030011489
-0.258717733865894
0.0792571874945176
0.740998851815584
-0.131459667219458
0.116087193006549
1.42363510086728
0.674183533448601
0.634664429364799
1.53772301889892
0.313943015623284
0.842803396561651
0.82300530281798
-0.803258743370522
0.806565395897297
1.15293238473547
0.0648014467316114
1.25037140290734
1.30233576652144
0.740556504910384
1.3267082746035
-0.793152231785293
0.304521751193307
0.263040832348186
-1.83923962123949
-0.695552962836477
-0.682202937219698
-1.27111203605465
-0.659486464516751
-0.868391201030785
-0.86687429404169
-0.867101677763678
-0.521346495206526
-0.283571979419722
-0.207593256520722
-0.258847976474208
-0.0827214058986255
0.130442037657287
-0.469724340798391
-0.281128783163169
0.196038615450945
-0.365984658157484
0.132776922601505
0.766826836889294
0.175207915871193
0.492829476405692
1.13268668358487
0.302534742043293
-0.267928373437565
-0.19755144975954
-0.206317375637196
-1.33843499423018
-1.64746639537783
-0.846481524879136
-1.05514271121702
-0.835920338867076
-0.733206736065638
-0.69496852868733
-0.503429069608014
-0.561393670768621
-0.331704248410502
-0.161773563517774
-0.336181701705148
-0.367151275130877
-0.253747367405838
-0.22330567648957
-0.51306165090202
-0.506484740726628
-0.305782232837387
-0.313378890459895
-0.468619774187417
-0.181885188610097
0.406126297989211
0.647525136731112
0.212584855123347
0.314732563980287
0.354147361188112
0.0425120413305682
-0.049987961804863
-1.12267711464185
-0.315336989220948
0.258814727806471
-0.49460057441444
-0.230267535157116
-0.3090667187673
-0.209861982427144
-0.396763681989226
-0.636959715475015
0.190028082383822
-0.441232987210721
-0.323880371651658
0.501197806928495
-0.458566325221209
1.09630817914055
1.05841435589499
0.0771425208659109
1.15575742175068
0.210295583529628
0.20923972586743
0.188030941523166
-0.95761285619492
-0.25557039294658
0.478310636255309
-0.832121429512267
-0.098481573105443
0.354229078574511
-1.05211113735807
-0.0422307542347511
-0.352682088756578
-1.94450105459072
0.0208663494929942
0.296107609154806
-0.46231053281495
0.354336819396011
1.07456677914553
1.3586131708268
1.03804316878805
-0.150161404681045
1.4186096164071
0.801691353171812
-1.49237800114328
-0.0451553063215644
-0.20989904282201
-0.45446361963839
0.76967264358273
-0.170193189484934
-0.281051367888247
0.559415383046169
0.00923794164551341
-0.176882668320418
0.790519070351601
-0.136840495672774
-0.270804236015966
0.811134226460601
-0.468401170683461
-0.164070366715712
1.07648389553314
-0.464389379678252
0.248985669385226
1.23835300785561
-0.0601936464179439
-0.0576839286874316
0.543331613768991
-0.0507404307089858
0.01565190311949
0.177683694152755
-0.139832344868797
-0.948592521952388
-1.06697942747406
-0.67650503019969
-0.718594416332923
-0.4052664920565
-0.523790731106796
-0.509834871175953
-0.370487695947169
-0.433933208458113
-0.200286626077005
-0.197344457516667
-0.234619677237965
-0.228624331645198
-0.0756406586027396
-0.221039417613021
-0.0864892597126921
0.0619094136486057
-0.0351253265132644
-0.123022111213299
-0.173268957961763
-0.0366169109808594
-0.0744871406289005
0.0253299271907256
-0.0909208349504488
0.425590067189558
0.70985391382154
-0.0578679934992399
-0.0802392475934929
-0.848706879952339
-0.537841285952432
0.428982153788456
-0.00646024062304377
-0.328893004172235
-0.962079211099285
-0.547977110066762
-0.928527743373717
-1.32729935273949
-0.484682218604431
-0.800783874025654
-0.798614317641923
-0.342884713139682
-0.6245803985171
0.699079080920654
-0.188918314775584
0.00826942769818697
1.31422326115601
-0.224258307085116
0.216122881444108
0.442550835157857
-1.00784930569562
-0.20958225613206
0.562935009537422
-0.896558263534973
-0.196088109834109
0.60810274300705
-0.023744768744204
-0.0666864495766406
0.075974851180764
-0.535141861422177
-0.166696496676859
0.610414675116102
-0.451566611382864
0.0457604375351749
0.523693423790115
-0.0384669886997129
0.52890898004777
-0.770540443757197
-0.112618758439004
0.445230693581853
-1.84170853698803
-0.747068241943153
-0.226233506300721
-0.271276254481043
1.0474823764464
0.0591240040953178
-0.314939599641936
0.755877599292276
-0.195690523552292
-0.249326502594182
0.879285384203452
-0.251413514538986
-0.965703416346525
0.148285504953827
-0.993111684205297
-1.03827937962251
0.0920856020787416
-1.0595722108248
-0.418226665458062
0.373142852029391
-0.655903720234604
0.128725914709351
0.40285922403487
-0.297015965854316
0.162214901312644
0.347745457880079
-0.192001256971689
-0.477736124830941
-0.433935430361094
-0.43953329359377
-0.216287867114698
0.0457030237217833
-0.331786143673178
-0.293890742843769
-0.467242790197055
-0.439880993082434
-0.519635205967443
-0.697173337213986
-0.430481165356491
-0.262289797805837
-0.162857517665314
-0.27264239867778
0.124009882237406
0.337628014276326
0.102013701026669
-0.0150427041322968
0.0129379497823692
0.0585671586316298
-0.118710711261616
-0.0205986796100935
-0.22004773010528
0.594880313792477
1.02790859118229
-0.0531438141938907
0.528809119840895
0.30298352782266
-0.269741476666105
-0.0877104731289409
-0.217410787355268
-0.799036707275684
-0.886843137734237
-0.433809375915606
-1.11064144846143
-0.600726743344681
-0.0287241708878639
-0.534372913382683
-0.631652698539941
-0.672090924256874
-0.478063933896429
0.44729766697613
-0.754709323301445
0.0534194900736197
1.35109662597267
-0.260151816549778
0.206075527415732
0.649783218910688
-1.04620374925064
-0.274769343059742
0.290859949358493
-1.05053681051896
-0.402481881947099
0.958924145590897
1.14219220534286
0.132123740812585
0.613559768261351
0.161196819657615
-0.0545381683156532
0.571475333410975
-0.843643943475774
0.0334281700184517
-0.325553333856781
-1.39135853742836
0.276446208313179
-1.04842499682069
-0.82948387736375
0.309556512163487
-1.4082404018749
-0.77430873976181
-0.185749111090984
-0.086104953826654
1.03086531200145
-0.16461898026195
-0.287408944014002
0.665193783862148
-0.43999054083331
0.0921867049566637
1.28104942571104
-0.345298535593613
-0.752960966540102
0.281901258944948
-0.951410802503144
-1.36260515197678
-0.587906165913262
-1.29938415539312
-0.516987522375548
-0.0656879956421662
-0.807302824280379
0.377986215337703
0.736053325414948
-0.205673580417134
0.258437273141273
0.548367191729037
-0.213471642184584
-0.260846690840458
-0.0625522987768505
-0.478876264459586
-0.348925261595204
-0.263134293200273
-0.389011217224039
-0.209148153664767
-0.449874477411585
-0.27057683591121
-0.377653352230812
-0.470816785037752
-0.388504904001137
-0.265894207738331
-0.151882218710202
-0.186605933975127
0.115872626789262
0.28433925426585
0.0909546844645106
-0.0607113884576722
0.0611542491434208
0.0288479450474619
0.26075907713955
0.389755905007235
0.0480662932834209
0.192709643860291
0.363172343918578
-0.143308136234515
-0.0633134288989996
-0.0721954378197139
-0.494852082251456
-1.05494986824158
-1.07250212767268
-1.21600322771887
-1.48344579104657
-0.960548710263844
-1.41356064555346
0.130671751081449
1.02950129610474
-0.321773242016071
0.789472781166212
0.779836417900329
0.160034028955146
1.3337560768711
0.627577314942357
0.342818988141913
1.10171648796404
-0.0596368350371342
0.116219997835859
0.822835208304018
-0.139686075375125
-0.0712563314853828
0.0307947406099727
-0.349836175440943
-0.33533553095284
0.560464549670087
0.945643444859638
0.061767200956595
1.34768229832186
1.07420559493907
0.473232084258494
1.48897685612477
0.179128607159876
0.523067061294226
0.535985985220238
-0.628972268451922
0.816693788391684
-0.687323674499226
-0.163787999662323
0.522401379649291
-0.807083517020393
-0.185611855047323
-0.175491341476542
-0.20871025189958
0.467336455402497
-0.484902221293597
-0.551169224595727
0.052877661413906
-0.705202130881734
-0.691943067923792
0.40990167573587
-0.701262144170419
-0.904361328788595
-0.0149207620607775
-0.994212066643732
-0.644140349790931
0.117613029221405
-0.928861097025096
-0.0484194104699854
0.696375654975378
-0.675584653628715
0.0770292980705383
0.674889409762273
-0.322624114608152
0.117414989867726
0.65961600613885
-0.222888274288667
-0.659281358529232
-0.403838039078553
-0.705346546192793
-0.890927543220485
-0.735829006631796
-0.705177083941212
-0.404745651884488
-0.726399721391287
-0.429537609890986
-0.182175052399143
-0.387016765806515
-0.295528750830037
-0.348946978221655
-0.233943427672699
-0.215263971055061
-0.0931589994303911
0.0186836168721305
0.0121039936920231
-0.0526746842737596
0.154501350511055
0.0558339971201526
0.446285929465234
0.768470524942446
0.229731693206272
0.412910844779664
0.577413463807751
0.0253154751786011
0.0769213216707921
0.450248976956874
-0.503815077808068
-0.877827679853935
-0.336864272857732
-1.15408209911917
-1.14298205116338
-0.599980277706769
-1.3149196975959
-0.130980626016615
0.647719458904614
-0.63037119754334
-0.107896574086535
-0.179182334430835
-0.349253566260763
-0.0559486650829541
-0.624582472639558
-0.45733207489807
1.16812710027528
0.50101982023711
-0.00645357597034032
0.399923061081309
0.367294112178371
0.0527786201884079
-0.556561887090525
-0.278231318907414
0.00203501949101675
-0.724173573987358
-0.762478266118683
-0.128492792964472
0.773635754196561
-0.0875439827976624
0.21640859629182
1.63514569569615
0.229721342156844
0.556520192452718
1.02771784653212
-0.0393092685497428
0.666911359071041
-0.437518156686045
0.159735911528892
0.369652806802623
-0.199805667560412
0.594816710280324
-0.297508619409863
0.290390523218324
1.37534198693245
-0.334817029550651
-0.242323784979738
0.411439505445005
-0.558047359801928
-0.523052196622869
0.113011149731916
-0.63945522075055
-0.543430759825404
-0.0128143032522548
-0.700724710294967
-0.149436662381849
0.755642596684786
-0.466715872014208
0.445237962992289
1.56503668071385
-0.0843478604007353
0.241244531258074
1.11923584859475
-0.0360120586802418
0.0136202001554284
0.548772977350574
-0.268904335282169
-1.13420579444667
-1.10970005645707
-0.995895312988536
-1.28356237392577
-1.4115591532576
-1.01897301398546
-0.710311009173053
-0.979847306991064
-0.525983231219532
-0.282126737244245
-0.275420718148913
-0.16502250237705
-0.329906492642572
-0.112958654663197
-0.122134211746496
-0.0667623014276972
0.102432407008594
0.0280562982546827
0.0161755554266692
0.251450244927344
0.0542485610730503
0.341966531190912
0.625167356944071
0.192476152884559
0.303712019831474
0.428525520489355
0.0433658470534925
0.510362447201895
0.966894937759474
-0.165205231419014
-0.268180747235812
0.856233163412939
-0.911458156189358
-0.360354302953803
0.560818695930577
-1.00114729185656
-0.292783951660514
-0.0666756092171302
-0.959822285550623
-0.39446338934789
-0.389896796230518
-0.852467382769748
-1.07715489103233
-2.24902394206813
-1.1642107183855
0.193418839279696
-0.0705487368055604
-0.306939453919386
-0.129952216475898
-0.0991530492648039
0.0992258925972727
-1.03210121451268
-0.75512628947376
0.00234872004511473
-0.834312126804642
-1.13681625256348
-0.175119557696874
0.129029587739401
-0.838324132056874
-0.113960527255375
0.82595061283401
-0.342134716845183
0.171382159126686
0.594914666646689
-0.101220890910479
0.323072404649927
-1.0342092553911
-0.638039647078423
-0.0142206299138588
-0.891478124814085
0.0887057577335485
-0.500469005377573
0.4462960427543
1.63140006625858
-0.133596274456684
-0.244702894205365
0.552355589205853
-0.432048934606618
-0.41209563731238
-0.288375286173567
-0.538609556704797
-0.420228073446858
-0.282271915800081
-0.604773793690898
-0.0340199394100175
0.622118000605135
-0.437363123418504
0.856702386839056
1.74386430024203
0.223599347165151
0.393684533128472
1.02207251578566
0.0814355693388801
-0.387862746321566
-0.0726238365857349
-0.490248513922463
-0.968555245521469
-1.10987094567014
-0.878008948599262
-1.03910073287268
-1.43408738509924
-0.871399454447011
-0.487504588229667
-0.70944932821884
-0.446463471768487
-0.322479238676256
-0.241434805913554
-0.165747797278567
-0.234976283955802
-0.0853093763138948
-0.0692306774801887
-0.0224184719353849
0.157234039896591
0.0877224686870287
0.160982444531557
0.336591500999382
0.130466449196573
0.247889003217691
0.502463720834194
0.153161427577144
0.521274533388153
0.924644131357463
0.356253419210781
0.871790986402172
1.53502408002528
0.320859390475502
0.184462214525495
1.08744057179237
-0.421523749005132
0.0281457804857645
0.737588622197948
-0.75460866821578
0.547820077335773
0.85781812727709
-0.626273271860961
0.909272761639321
0.578228217558383
-0.393770423912863
-0.155430280675706
-1.54591717270122
-0.792573740098433
0.106415105325564
0.253723641606655
-0.233186293977247
-0.081320742301386
0.286402171823501
0.158257556620503
-0.156651291636336
-0.0922547567225182
0.0283509669548894
0.328895414735856
0.204835593865169
-0.0557811275860141
0.524060405302789
0.165136636448478
0.0218941907304241
0.701062805399976
0.755232984765802
0.300250847125055
1.02975678978455
1.37524975571217
0.563197783045713
-0.611532568271735
0.181572454222606
0.0637049638275491
-0.967659639761783
-0.25641143743803
-0.325385885367905
-0.162396568711513
0.88965707142496
-0.095708288780607
-0.413243886523256
0.309813383922558
-0.275349927999965
-0.0906431677259437
0.0159577957769902
-0.259588896492188
-0.0635175100979692
-0.394325740087187
-0.481879197227503
-0.395597038624896
-0.579599474412551
-0.823884742139542
0.651081894970357
0.817399097055862
0.0463444125407422
0.555343075833359
0.581933278934178
0.155220924829997
0.240467216671183
0.240122996719891
-0.0491781539939593
-0.162724370785251
-0.472267231614706
-0.287763753624325
-0.331022450001172
-0.792702034456389
-0.402799312759727
-0.363611599867873
-0.713065223245085
-0.271383378348904
-0.250830803125228
-0.325849029059785
-0.150744149679513
0.0527880430166479
0.16117719166417
0.0256129294111633
0.156065094136616
0.276280751644467
0.0940931475800735
0.105040872639119
0.227582244452479
0.113053934032076
0.0926294467253058
0.0903782094345616
0.119460883796256
0.687543253437525
0.953725329104701
0.475647020946803
0.589281646692865
0.74758552663879
0.309539515346363
-0.49856076967482
-0.402941231622061
-0.558863940152666
-0.765364286165794
-0.484792272240164
-0.79334647787758
0.236657295150765
0.834566625399395
-0.503304974375581
0.866523692082835
0.826948669954546
-0.150732014018304
-0.133732240305981
-0.655580029798389
-0.316716271044596
-0.0623157287930697
0.379379205743981
0.0887271382483567
0.0585437295616576
0.678095298444181
0.254858747926253
0.238283927047538
0.720007599975194
0.0839389048303596
0.412466375907
1.13130627953381
0.150134588686923
-0.199754976307135
0.219132780834359
0.168594398630582
-0.293516983129179
-0.418374960934462
0.277070227776772
0.116644043523642
0.289646164883635
0.270996095340842
-0.672385095264287
0.349949633520644
-0.176987732667117
-1.01642908745231
-0.210610784690212
-0.53734260877641
-0.038220278949926
0.906287414725816
-0.217149860986159
0.236565160983615
0.543351042640215
-0.172905652443391
0.309274519149888
0.0422119952343947
-0.298922794930114
-0.0845770811442602
-0.264165278698535
-0.69043957962858
0.180880484701838
0.385769306948598
-0.519940228715004
0.0592044956738108
0.0801131338373073
-0.485178706702948
0.891946550079485
0.956724100506221
0.342562279088132
0.421332767868074
0.404923086091635
0.0518684091191677
0.360312562464901
0.145381099985113
5.46671252638213E-05
0.454800308376161
0.134291051548677
0.145324271143328
0.292188308957418
0.061562714064011
0.12909285701395
0.0827312285997004
0.055295044862771
0.127231967176046
0.129183767465589
0.157037035648721
0.1332350713483
0.0929543408052839
0.302302447605542
0.166238013178854
0.18269307568516
0.227513571814779
0.169001659169839
0.0713771020532794
0.0745401343465213
0.084384044017027
0.396885356521674
0.297774486856553
0.274623206280096
0.048547593067761
-0.151768889761728
-0.0152282562964924
-0.216015834786366
-0.573256855393088
-0.462129867426269
-0.110524803563234
-0.0447063461524297
-0.359467717896968
-0.0074406964952361
0.36376729553079
-0.0739862907341246
0.733441668662129
0.403175906600434
0.163993970479801
0.203304861352508
-0.134709385003779
0.0645533097360929
0.0998647019463102
0.254201371310958
0.213839203142353
0.324611953487641
0.362294242126243
0.210518455341715
0.713017980616834
0.879139144761156
0.147071423476576
-0.272143645937522
0.387162701055761
-0.184474275482771
-1.05855750706791
-0.8107488115892
-0.209118522815785
-0.217996942656523
-0.634188669231354
0.229934756197423
0.653851182063726
0.385074467069688
0.0880047949878195
-0.401225974019278
0.206359686412186
-0.418985171709235
-0.837105976541335
0.305826698992825
-0.599928564093757
-0.381668638598139
0.287057991229093
-0.649851694581977
-0.499771439233978
-0.318586669462818
-0.713470122764774
-0.921448825810199
-1.24232368730807
-1.05247749644881
-0.315396900776848
-0.311916850800648
-0.934775849876582
0.550774807435483
1.02229164590815
-0.369015149409617
0.194786450109991
0.646114351696925
-0.440706270490798
0.578721446536971
0.932226867427335
0.109632347334307
0.240006293089455
0.540055316258914
-0.0321997044013204
0.00722794191311645
-0.218824184778914
-0.119816689635071
0.548329945833671
0.224390138127022
0.160146010673537
0.682271754156567
0.475062859952515
0.345872377932261
0.495423574162512
0.241183803638316
0.238745402023896
0.192716508048044
0.176967802275241
0.110594146744799
0.144101178879074
0.276976696689499
0.14644070037936
0.105329106121561
0.271620801647003
0.115207252238379
0.0496023186094989
0.0379915969634547
0.0520954591076468
0.196296004947439
-0.0725878347392987
0.124191390690447
0.0662099530444375
-0.201031581024815
-0.15071232810261
0.0863239202481399
-0.0421349495405628
-0.35949043926681
0.084985020900211
0.249485695850369
-0.270179681956904
-0.479680911158241
-0.341646721888765
-0.235958065906804
-0.217281319054174
-0.416114883638892
-0.00887385355911291
0.0817288197700097
-0.0713124149660612
0.0886494871261056
0.377481880243003
0.0871256532158437
0.216568179108929
0.619609987209453
-0.0743927764525543
0.292618725128732
0.283088879159705
0.149879761282841
0.166338391782707
-0.604937720475438
-0.765104980145086
-0.428073432609425
-0.639264894372643
-1.2130591455511
-0.29155460076759
0.56354151422722
-0.45550438782459
0.178484430130461
0.558289781678955
-0.152436122746393
-0.22159015778641
-0.835609981010381
-0.231747291594261
-0.432319138951778
0.161858914822916
1.43432530466973
-0.00190298736220387
-0.52717110250869
-0.800715583535718
-0.689261038527912
-0.206472883755491
-0.292757843269956
-0.381666773201443
0.0913188962301418
0.188618620199567
-0.413977748168754
0.846678661899612
1.22641091803021
-0.280988693082468
0.784302682586266
1.51801979704597
-0.281596568638671
-0.0446189978613713
0.696710558678836
-0.632690706616523
-0.158126332067971
0.547228058426795
-0.273630834506751
-0.204809377337766
0.277958002133766
-0.183810293109817
-0.127404389918785
-0.100070738188705
-0.215174046281931
0.383092195394502
0.170458145577971
0.0435814822550249
0.68190240832185
0.274998975927295
0.261758831519197
0.418196158031728
0.179149568238418
0.276034288737684
0.261652096672352
0.182125124705529
0.152828314021232
0.0795458547297734
0.0654985057601901
0.0963797376864187
0.0504566589734395
-0.0285248386364995
0.00911591037473712
-0.012988147060244
-0.0548183335031114
0.105751018319154
0.329508866658094
0.0483274364902723
0.178702635061731
0.676293663448094
0.809482720529418
0.343587601667402
-0.33780727295006
0.382744490816265
-0.355876409358588
-0.631192595286591
0.348549583898345
-0.637541053385705
-0.494963861627503
0.00106020451175841
-0.451429028705987
0.00613348275787797
0.0298334404140478
-0.0182987220997173
0.98739723080428
0.689024544829309
0.387508029864553
0.92397275134865
0.459192388348698
0.354821738956241
0.622271023326067
-0.164363660938788
0.298773243772535
0.29272727771957
-0.0466030866867832
0.132582246716838
0.139074370411958
0.0187298222730471
0.133411679843647
0.532174184113409
-0.320875570719483
0.320500140813828
0.569772853965511
-0.788331575619414
0.388043197140678
-0.569737453010573
-1.29886756837316
-0.135890178501476
-0.607918018517444
0.988415878040493
0.0533668012320804
0.71181864195815
2.2151879998624
0.291419110402272
-0.218326209132221
-0.65473253239502
-0.475408588697522
-0.206745418488904
-0.618016891836094
-0.434877007482778
0.0561064590715648
0.34804331603716
-0.460216757461155
0.437559466532075
1.04065923642764
-0.403748361607119
-0.0581743472772389
0.957737613620763
-0.701193578688202
-0.678927127616496
0.0531528964849125
-0.900886864715928
-0.517871018152492
0.317996951034335
-0.538156805967422
-0.458768948259558
0.257184856805549
-0.353123525865181
0.151010250115966
0.466667217120807
-0.0070065145595249
0.6152341514923
0.735814759554338
0.259212779139116
0.367979264156895
0.283676754526591
0.139641679845368
0.0912702653150819
-0.288436549380911
-0.0368629116476158
0.0640665959657582
-0.0724647220475647
-0.0124530743960288
0.0348950871641742
-0.091345503818241
0.0489604328476951
0.0186925006461176
-0.00209779550007919
0.0671260996421504
0.0160795566247888
-0.0267063839518575
0.0798016019666288
0.38831910927566
0.199910258444087
0.286515791852758
0.519654094661969
0.583731065681448
0.264267242479212
-0.218592231703356
-0.0776842630877942
-0.182370998279155
-0.739292325365704
-0.8792087344387
-0.708153392893931
-0.58827639784752
-0.862389081087832
-0.65029952602927
-0.0589116413578164
-0.373571434896905
-0.0925830301934872
0.515871325992332
-0.152134289817457
0.0515308948156397
1.20177993850131
0.958400036651574
0.46059385108083
0.0904400743020008
-0.684009635515573
-0.167367743426774
0.10216918765802
-0.442088156602364
-0.166942511411572
-0.0279008017388674
-0.514056369326269
-0.0736448017617774
0.847369038960739
-0.354296950377139
0.492730355267284
1.28750966129191
0.0868019572531617
0.85894224264114
-0.582154665750323
-0.744356694601201
0.335895934798027
0.000736666894580368
1.63843602113463
0.256147215448695
0.933252492835625
1.73033779817925
0.259380939675357
0.152208116482054
-0.235243609416439
-0.243772222667793
0.0686012557604529
0.103424909440114
-0.20183621110809
0.395020746392191
0.858201077852869
-0.267824308993513
0.260014816195309
0.872379599492919
-0.541093088142096
-0.65284831877148
-0.194792609582002
-0.969814240789925
-0.963179400605888
-0.764317995033842
-1.0365439033062
-0.965772729298455
-0.487186534240912
-0.964856050095311
-0.475088059721121
0.168397789103663
-0.470694676774597
0.172570391241594
0.696983221656872
0.0201328380384994
0.667912613874727
1.06465741189578
0.281375600741034
0.614254881702923
0.671711645992298
0.254226484562984
0.0451399480848145
-0.390200645592481
-0.0657042546979197
-0.133676833427152
-0.425900974112585
-0.119024015654218
-0.211953026493865
-0.333641734418966
-0.0832294818355516
-0.0525867958808932
-0.140660401264644
-0.057940803729183
0.0293113313477205
-0.0615632251066621
-0.0122895782193398
0.284774274532799
0.135686010365072
0.208466693021224
0.444730638270751
0.197395563757605
0.266025440971123
0.193937055893944
-0.0846122868438562
0.0471138472471031
-0.193591927843923
-0.648062858508117
-0.320377294153701
-0.139469306484925
-0.499491884704705
-0.274135973310742
0.390052877377884
0.343743510125515
0.323562764809164
0.634743893780343
0.350026019111903
0.351072666165604
0.830173250632429
0.750694917463271
0.429805806963771
-0.0405882782760135
-0.846552140699753
-0.111601935924107
-0.316557784645656
-0.683899020393365
-0.202390086621404
-0.474566964059852
-0.480265058491992
-0.187446553710199
0.505331210160086
0.00843434878458579
0.300062730178815
0.924276475720248
0.510236954596666
0.714232659716657
-0.474812057895537
-0.115733665946527
0.295410834853477
0.256980076543218
1.49371069274132
0.192772838589839
1.03710691337685
0.817244641435685
0.0797383145591463
0.284090494216493
-0.358722693293992
-0.110612025530652
-0.207540543557728
-0.464456273668212
-0.381104510631601
-0.172566846880959
0.0513870740597201
-0.604073213466717
-0.0321728025916149
-0.0507383521223157
-0.599747003902592
-0.381438239364554
-0.469502124840608
-0.674437901560947
-0.77551533345899
-0.751260303610843
-0.837822235848667
-0.406257717099964
0.0074992919602608
-0.579173858202911
-0.491832649463568
-0.264381175484048
-0.492569284532763
-0.09141658809064
0.256910121937968
-0.165176867132487
0.306033529781211
0.567191940524483
0.0468736519475843
0.733144142581278
0.598425954048525
0.317428379608349
0.209596906996528
-0.214127561481278
0.0172467735803094
-0.337963296070894
-0.643599837832854
-0.223019029935203
-0.247356490414544
-0.324802874518269
-0.191360134630165
-0.213676295826765
-0.136032277371475
-0.0326444918882003
0.0187531026909537
0.0321410876842509
0.0594705231329389
0.377152466650375
0.284154522806773
0.242866176058487
0.765721384444838
0.55363601559682
0.457853544217252
0.241584174019229
-0.438727177833541
0.0689008810362781
0.0479766188104786
-0.218353165965599
-0.107790371402798
0.780172055108822
1.01881032733872
0.222892552302258
1.06605648793659
0.936679913258362
0.61535623657853
0.519354477959334
0.592137948054454
0.478339280381526
0.101229011485271
0.50307282868768
0.289974190010282
0.115402456868437
0.549701248158525
0.150902754057939
-0.0794114307213948
0.693999522800108
-0.00587307210049093
-0.00639912853765763
1.2641801671048
0.0394951631694721
0.623477658555578
1.8564651356765
0.416683567052606
0.00209523067840642
0.760257971037947
0.360566862462226
-0.791671883264314
-0.472027534466106
-0.0281341352479032
-0.347465087872525
0.576506567739564
-0.287226863602603
-0.283405210557025
-0.935591489562764
-0.59147270240727
0.204989776798789
-0.0449410965056235
-0.151147088570729
-0.169258828575027
-0.351444541566098
-0.307025622113266
0.010247032992225
-0.0138122431652828
-0.417462277087027
-0.0383320425998098
-0.485181613035708
-0.366918325939646
-0.0348015900812278
-0.375262852772947
-0.276752268222158
-0.784502309881937
-0.79397291803796
-0.820988641290504
-0.3250762434291
-0.306530049853767
-0.535406811679801
-0.588581919291761
-0.560725664429937
-0.606147511596979
-0.0300049644066591
0.189473117476292
-0.0882898178171505
0.961079955182576
1.09264821833958
0.479438273818297
0.779455645781887
0.540463257116283
0.369658800172556
0.0674365211741439
-0.522688520908017
-0.0823121166200836
-0.226340431337473
-0.636369738023384
-0.201579902463473
-0.311106221284159
-0.367594089537396
-0.196770275361386
-0.225958143029354
-0.259693561040192
-0.171210266202742
0.0617923021447989
0.0382633528975271
0.0466331634238851
0.316658887158469
0.303807249646135
0.236541973385138
0.743635564959284
0.545914608514724
0.451515630631799
0.549275242482934
0.0296102451236464
0.264025502825233
0.128245658622806
-0.275895422650784
-0.107935875208153
0.173872374815551
0.162679223512815
-0.065132804556742
0.781381942102989
0.637908117668822
0.353404989990624
0.438538039644047
0.270455047482082
0.369381747902022
0.26415418620947
0.429460655897086
0.261708420961518
-0.206414513149393
0.0871787403212217
-0.00363797738780915
-0.217196750569435
-0.029066347899232
-0.0155162201131955
-0.407147809693483
-0.0475156028773703
-0.177591501050709
-0.255643622352961
0.169860166038866
-0.224028737863769
-0.754771692669426
-0.549055401482209
-0.234138927353147
-1.59308091351501
-1.9044694255291
-0.677719217897626
-0.924835852268595
-0.961271290525914
-0.588104939126425
0.664237583943345
0.403260720987022
0.0467393900109682
1.34066783642457
1.39363018016243
0.301256126546324
0.719951544774999
0.773099263579411
0.0532807133379323
0.603608326949281
0.963112381600416
0.0373092569482891
0.527217978113513
0.665023323687303
0.0665851062001689
0.317048064551654
0.0909537367043537
-0.022889781991891
-0.310541243248076
-0.418593614089267
-0.502970059536045
-0.328287449295026
-0.505585730304462
-0.421340826622357
-0.737567809699544
-0.997744385698053
-0.730960081751655
-0.359253440587671
-0.485609637060603
-0.349248325788386
0.745900527704469
0.571839440152618
0.314526406164233
0.835302158354453
0.414080885627515
0.451255831978179
0.178228612093225
-0.507501283360621
-0.00441930165669991
-0.254505315580153
-0.795656840479059
-0.151604090256443
-0.273572309000023
-0.433343982540391
-0.121202769278443
-0.23377449468957
-0.26075722225816
-0.0785552731416704
-0.020209714716578
-0.0633562119507118
0.0129349888179091
0.0562785440815689
0.110301479991357
0.0933308190904749
0.604077463020047
0.359850335818133
0.364383381935233
0.856668751453799
0.697063134399818
0.487247620487315
0.327085949436503
0.178905195119639
0.129065420996853
-0.599472819258479
-0.763564423358546
-0.481571959127608
0.073192160541177
0.141420748675739
-0.0618193427441041
0.179581459450896
0.111447428397965
0.304373875972781
0.505547017277169
0.598423443685229
0.389246423418263
-0.116781652211068
0.0289131908597702
0.0323732750946955
-0.274250864365545
-0.125450347218423
-0.0701453236883745
-0.463720902144155
-0.196773388918019
-0.257659369666945
-0.486926540261299
-0.319271353543084
-0.320036082048843
-0.728460769567787
-0.59607202693874
-0.421056003928776
-1.54833645422293
-1.75770775651045
-0.80821931603397
-0.861230463040634
-1.38597278917464
-0.605926389177735
0.461579721860062
0.0771996376425041
0.0232046021513054
1.05829578971873
1.09425552386352
0.139446206484164
0.422106562308221
0.0723089850463266
-0.20406015525046
0.141267855607523
0.161499622603958
-0.141760544073096
0.445596430846644
0.525896625733975
0.19385821775667
0.194253827018701
-0.0618596715951175
-0.00513784469581728
-0.111111696221624
-0.309994288903895
-0.221966402677834
-0.124459490992475
-0.327746093062344
-0.254793147980402
-0.996707663944887
-1.72456130478654
-0.922767812443422
-0.827583838649619
-1.68939952392115
-0.715169187327043
-0.00923528888690903
-0.802986116245003
-0.159185806837352
0.246597004636046
-0.475425529299925
0.0415468881210658
0.0180095634609239
-0.713946507380747
-0.0520267542991104
-0.12980632739673
-0.527803078664781
-0.0796843758065077
-0.206787262562906
-0.297481694870309
-0.0647025767323305
-0.221073990479073
-0.210561338455361
-0.132126404239944
0.00385787744105984
-0.0323772460717362
0.0067441875041971
0.0398759919402427
0.0802873648447207
0.0693452020851623
0.323283067359098
0.23769295248273
0.231187653155735
0.60243130279834
0.658592196561229
0.378608982027393
0.128461893255192
0.220607245246704
0.0494905486347624
-0.838189984611093
-0.895030233159039
-0.515455226370463
-0.530709983325252
-0.530083934617553
-0.259337976366972
-0.211364418472018
-0.235246668402668
0.0618243173766208
0.242254652278858
0.288575565725296
0.178800748933357
0.0631932175595681
0.36795555587323
0.0743945680067771
0.0557631282202094
0.54543371140754
-0.00981298380065537
0.126942376189039
0.777432659213019
0.0508071952012187
0.0536605740121236
0.457940405927273
-0.0119682943882818
-0.24782759535179
-0.00436968708405617
-0.237236076252317
-0.974859829575288
-1.02288463996101
-0.721094108526749
-0.490857592858827
-0.939116853113252
-0.493451270677414
-0.111170213613941
-0.542863819912126
-0.224181105067106
0.0937934896066307
-0.184110539764364
-0.201811417410368
-0.433880835456198
-1.24272868470976
-0.483629737623821
-0.662159325113085
-1.38608047289201
-0.509179477830682
-0.187706031555696
-0.482988322835235
-0.107872932810748
-0.317924966565035
-0.724728781516492
-0.161088248039252
-0.491147351938987
-0.985978917807556
-0.392790606274135
-0.0014272443326595
-0.247091063146151
-0.16994185445362
-0.214673242114619
-0.692896196196953
-0.28576927510355
-0.380891800984778
-1.16831106798692
-0.473374285050434
-0.354752243417339
-1.20804399581383
-0.422149189672899
-0.275240127899929
-1.21059143303346
-0.32657526409561
-0.261522174458123
-0.976995689589011
-0.218432089448246
-0.0839470611544558
-0.391755796333261
-0.051382553678922
-0.0982215475316871
-0.0589423507203502
0.00251860790110683
-0.0950620080966294
-0.143029110789799
-0.0363796924807037
0.015215779529462
-0.00195654129840781
0.00107131360081595
-0.0486609813892983
-0.0186256070059481
-0.00985128692086806
0.104886556894168
0.16063281767247
0.0970760973392354
0.377067727522836
0.534245526849811
0.272867008841978
0.470461333153554
0.707960127917638
0.32151195956724
0.0676932116146257
0.244458984448185
0.0656066391846061
-0.193826074577339
-0.277019525127939
-0.092692304361066
-0.0937162692158178
-0.250271872184897
-0.0188800933415525
0.0762768140886765
0.0373703557308089
0.0961360203851469
0.326363873792288
0.598078194541183
0.183468325154158
0.418152464333575
0.778970549661399
0.190684155173192
0.426660658330254
1.04667003556201
0.246155676485465
0.414506208765167
0.748990673762548
0.16972677574804
0.119904605742653
0.187364106258518
0.0757798190537776
-0.0296914915721615
-0.203162702531679
-0.079245948502885
0.566225210144289
0.669771163658014
0.25337857846455
0.407328836329921
0.658253330027999
0.442221712796796
0.0528125823951396
0.358463222010454
0.0565671956292009
-0.270657826733532
-0.951857936128807
-0.236373769020432
-0.587793629529145
-1.13039084928136
-0.43473551272907
-0.710185802376691
-0.456475912495962
-0.459793992385261
-0.394679098319995
-0.292291012715061
-0.318984547861085
0.010451365699324
0.0954242872590746
0.0225354811679152
0.47026972682774
0.749502570109694
0.193268758810653
0.375933390831737
0.438937273504023
0.0771148993538327
-0.0383254081932755
-0.197839365785117
-0.164399100531898
-0.0468213103905591
-0.419065568716044
-0.188231349628758
-0.119709204654779
-0.494040737307049
-0.136897314719232
-0.125102261822721
-0.492146348940039
-0.1294299178881
-0.0850514310307334
-0.133513237808381
-0.00316166843589848
0.0230675598187549
-0.0903966525732882
0.0763168235733925
-0.00920234228197462
-0.0283189925612344
0.0601980673129272
-0.15612042878798
-0.347156801842986
0.00683001679093767
-0.1379762148672
-0.192622774955283
-0.0281506501183043
0.0129285142115317
-0.0221216937641851
0.0644133184615686
0.209960648940297
0.219306713821658
0.142600706591582
0.346721787042419
0.674112256099292
0.257293207848326
0.329767448532468
0.773724687449306
0.28758596110864
-0.144791354511765
-0.0729391631934277
-0.0483265052499457
0.111542042506999
0.191442973114909
0.110742476697604
0.0942802013532501
0.0380412363839715
0.0532535737028022
0.0566558258206181
0.111095120651431
0.116199118407084
0.0873542623746899
0.0725025191357707
0.104164352936457
0.175393232600835
0.173238345285561
0.0512927689282741
0.338975009695564
0.413810408067171
0.218360985232587
0.389181192743425
0.328733728466094
0.147233813403472
0.28769810198361
0.0395443282547787
0.160881484922282
0.74687290688091
0.677536709420113
0.331029051166444
0.303555063479872
0.737317006968993
0.288613875901513
-0.0968417452348136
0.357008932521952
0.157384910739713
-0.130256480972043
-0.483132074864183
0.0432307244609432
-0.212814576095768
-0.480722101883308
-0.101550564305585
-0.127614996707673
0.125112937814981
-0.0594332774487802
0.00214529028448312
0.0801047708368626
-0.0625854192503705
0.180234238195177
0.4106993673898
0.0820922137335053
0.512584206329963
0.820910244205883
0.291958056711821
0.405951391456054
0.608264576074294
0.189672007736063
0.277983809013769
0.466129871299453
0.103124323993219
0.194212775063692
0.248810246128849
0.121153020976672
0.117860554419445
0.0588694403488341
0.112727917731916
-0.046897293227466
-0.135556465758978
-0.0239228897535613
-0.0998407066564597
-0.0124502476117606
0.0226618380103669
-0.0891107910297993
-0.0774128423411656
0.00314229913723496
-0.0740259687014804
0.0212914414458929
-0.00755536657434971
-0.230112973181183
-0.444396817672535
-0.01383081376062
-0.0828075641156822
-0.275190259732928
0.035759218386013
-0.049378084890255
-0.0770021767099094
0.0377218268180513
-0.0179058512802555
0.00146494873702737
0.00759523541804062
-0.143255168121299
-0.00749356771794524
0.000123260102123496
-0.153844067714716
0.0736182675709012
-0.0118759432841742
-0.248609782944211
-0.229806749372389
-0.158494099734604
-0.0451629997489328
-0.262519083667118
0.0357919034824807
0.011069085934154
-0.166809248031708
-0.00978619264191302
-0.0452883317687364
-0.241267720778064
-0.0143267526301655
-0.00522890289134834
-0.243948148001915
-0.0223784140526593
-0.0135380267628653
-0.202597101098468
0.0479907911920907
0.0544715054152232
-0.204453752319437
0.0266969512740573
0.12169264604845
-0.161381708464107
0.129340833482272
0.0525749631325619
-0.202974024023015
0.0292842883675805
0.300536681930863
0.342081920362542
0.0712849597982392
0.308983618062968
0.548020214629665
0.139983831019996
-0.0711184066098285
0.142525226132837
0.0644110220454083
-0.0249293018389705
-0.11978586588303
0.106120372936699
0.129680827426824
0.0612861655067971
0.155159109079569
0.224581906857526
0.213592191295025
0.124019356736906
0.242739140185845
0.338267384804025
0.102447889795432
0.124073670747182
0.288914287313393
0.115960623302984
0.362207019791154
0.436624157462985
0.189653854285618
0.540437000395313
0.761534568563237
0.309059085147454
0.465985390353654
0.668144652313772
0.306464024654996
0.316673325233469
0.356489916812623
0.247829931402518
0.109920988347841
0.102940069991084
0.0739332600899654
-0.0952789690262809
-0.132213834921615
-0.0302807529865487
-0.0269942977856825
0.0492988857665086
0.0473402597950956
-0.158199146170502
-0.0863182427127328
-0.0976517877544798
-0.10875841300844
-0.117201609958292
-0.0371000401064558
-0.270858162550454
-0.525085653814913
-0.0633016454931451
-0.239482825226986
-0.469972929753606
0.0158808136263567
-0.0698404471343949
-0.257343869909147
0.0292224069668432
-0.0348453180607592
0.0036259816765579
0.0191064787708083
-0.267078770266789
-0.194657552053969
-0.127290712853903
-0.608588386788404
-0.548100311232279
-0.281532795939528
-0.464118227664099
-0.327859552981875
-0.173460581560352
-0.0595140476003884
-0.229080079326852
0.0132329104172677
-0.0299077029666702
-0.317430075734525
-0.0106043396838586
0.148654545412343
0.0576308966299849
0.167313427729935
0.192292440205851
0.0950279814273643
0.141718667624629
0.0304474638344293
-0.257691546795515
0.0488305900974501
-0.0479816218242061
-0.422842459543863
-0.00531853694890185
0.0136194170168921
-0.439403065440994
0.00396359624151432
-0.0813130489925452
-0.484774319045427
-0.0423360447944677
0.00567677394534632
-0.0161875371186395
0.0244637233193282
-0.0188619883171505
0.0366496385401229
0.0130349225687941
-0.0858981017460775
-0.0231247845583892
-0.000729407144620577
0.115302886283116
0.0660046030230387
0.0849347988620175
-0.043368789669254
-0.00766210934273778
0.0129233100546268
-0.02433959237656
-0.0903653858708465
0.0256909198632353
0.213849398234106
0.237357787857426
0.0740584955020712
0.232163882191109
0.304045093485055
0.173371291643229
0.382240918753143
0.29664922639143
0.144155041282729
0.442125788387239
0.306755319077054
0.285164700751071
0.424599421748906
0.462534233107264
0.269348851769659
0.350153380366856
0.411986784095295
0.275702699265165
0.193716469366399
0.258274186067107
0.158814608351765
-0.122086383051485
-0.18142162733986
0.00431194831432573
-0.173524439015734
-0.162898668294891
-0.0484903447591403
-0.0720832448011066
-0.15096242688863
-0.0211426961257848
-0.0498066111631585
-0.013999934469681
0.0728260825166495
-0.985640513437764
-1.45366109729838
0.328633192587771
-5.33177048872385
-5.33177048872385
-5.33177048872385
-5.33177048872385
-5.49770654869425
-5.49770654869425
-5.49770654869425
-5.49770654869425
-4.4448687415576
-4.4448687415576
-4.4448687415576
-4.4448687415576
4.83651387548295
4.83651387548295
4.83651387548295
4.83651387548295
